For 8 8-sided dice and 8 rolls
Frequency Pattern  Probability
-------------------------------
[1 1 1 1 1 1 1 1]      40320 / 16777216 = 0.0024
[2 1 1 1 1 1 1 0]      1128960 / 16777216 = 0.0673
[2 2 1 1 1 1 0 0]      4233600 / 16777216 = 0.2523
[2 2 2 1 1 0 0 0]      2822400 / 16777216 = 0.1682
[2 2 2 2 0 0 0 0]      176400 / 16777216 = 0.0105
[3 1 1 1 1 1 0 0]      1128960 / 16777216 = 0.0673
[3 2 1 1 1 0 0 0]      3763200 / 16777216 = 0.2243
[3 2 2 1 0 0 0 0]      1411200 / 16777216 = 0.0841
[3 3 1 1 0 0 0 0]      470400 / 16777216 = 0.0280
[3 3 2 0 0 0 0 0]      94080 / 16777216 = 0.0056
[4 1 1 1 1 0 0 0]      470400 / 16777216 = 0.0280
[4 2 1 1 0 0 0 0]      705600 / 16777216 = 0.0421
[4 2 2 0 0 0 0 0]      70560 / 16777216 = 0.0042
[4 3 1 0 0 0 0 0]      94080 / 16777216 = 0.0056
[4 4 0 0 0 0 0 0]      1960 / 16777216 = 0.0001
[5 1 1 1 0 0 0 0]      94080 / 16777216 = 0.0056
[5 2 1 0 0 0 0 0]      56448 / 16777216 = 0.0034
[5 3 0 0 0 0 0 0]      3136 / 16777216 = 0.0002
[6 1 1 0 0 0 0 0]      9408 / 16777216 = 0.0006
[6 2 0 0 0 0 0 0]      1568 / 16777216 = 0.0001
[7 1 0 0 0 0 0 0]      448 / 16777216 = 0.0000
[8 0 0 0 0 0 0 0]      8 / 16777216 = 0.0000
Matching Dice Initial Starting Probabilities
-------------------------------
1 : 40320 / 16777216 = 0.0024
2 : 8361360 / 16777216 = 0.4984
3 : 6867840 / 16777216 = 0.4094
4 : 1342600 / 16777216 = 0.0800
5 : 153664 / 16777216 = 0.0092
6 : 10976 / 16777216 = 0.0007
7 : 448 / 16777216 = 0.0000
8 : 8 / 16777216 = 0.0000
Transition Matrix
-------------------------------
[5040 1045170 858480 167825 19208 1372 56 1] :/2097152
[0 83790 129360 41055 7154 742 42 1] :/262144
[0 0 16590 12215 3437 490 35 1] :/32768
[0 0 0 2401 1372 294 28 1] :/4096
[0 0 0 0 343 147 21 1] :/512
[0 0 0 0 0 49 14 1] :/64
[0 0 0 0 0 0 7 1] :/8
[0 0 0 0 0 0 0 1] :/1
-------------------------------
0.0024	0.4984	0.4094	0.0800	0.0092	0.0007	0.0000	0.0000	
0.0000	0.3196	0.4935	0.1566	0.0273	0.0028	0.0002	0.0000	
0.0000	0.0000	0.5063	0.3728	0.1049	0.0150	0.0011	0.0000	
0.0000	0.0000	0.0000	0.5862	0.3350	0.0718	0.0068	0.0002	
0.0000	0.0000	0.0000	0.0000	0.6699	0.2871	0.0410	0.0020	
0.0000	0.0000	0.0000	0.0000	0.0000	0.7656	0.2188	0.0156	
0.0000	0.0000	0.0000	0.0000	0.0000	0.0000	0.8750	0.1250	
0.0000	0.0000	0.0000	0.0000	0.0000	0.0000	0.0000	1.0000	
Final Probabilities after 1 roll and 7 rerolls
-------------------------------
1-pair : 0.000000
2-pair : 0.000171
3-pair : 0.014343
4-pair : 0.088807
5-pair : 0.237571
6-pair : 0.336702
7-pair : 0.247614
8-pair : 0.074792
Sum of probabilities : 1.0000000000
